0 0 0 15
1 1 1 2
1 1 5 8
1 1 11 12
1 1 13 14
2 2 0 3
2 2 4 7
2 2 8 14
3 3 0 2
3 3 3 4
3 3 5 8
3 3 11 12
3 3 13 14
4 4 0 1
4 4 3 4
4 4 5 6
4 4 7 8
4 4 9 10
4 4 12 13
5 5 1 2
5 5 6 8
5 5 9 10
5 5 11 14
6 6 3 4
6 6 7 11
6 6 12 13
7 7 0 1
7 7 2 3
7 7 5 7
7 7 8 14
8 8 2 4
8 8 5 10
8 8 12 13
9 9 0 1
9 9 2 4
9 9 5 8
9 9 10 11
9 9 13 14
10 10 2 3
10 10 4 5
10 10 7 9
10 10 10 11
10 10 12 14
11 11 0 5
11 11 6 10
12 12 3 5
12 12 6 8
12 12 10 14
13 13 1 3
13 13 5 7
13 13 10 11
13 13 13 14
14 14 1 2
14 14 3 9
14 14 10 11
14 14 12 14
15 15 0 15


