0 15 0 0
0 1 1 1
4 6 1 1
11 12 1 1
3 4 2 2
5 6 2 2
7 10 2 2
12 13 2 2
0 1 3 3
2 6 3 3
10 11 3 3
12 13 3 3 
1 2 4 4
4 5 4 4
7 8 4 4
10 12 4 4
13 15 4 4
0 1 5 5
4 6 5 5
9 10 5 5
13 14 5 5
1 2 6 6
3 6 6 6
9 10 6 6
3 4 7 7
6 7 7 7
8 9 7 7
12 13 7 7
13 14 8 8
1 3 9 9
5 7 9 9
9 12 9 9
13 14 9 9
0 1 10 10
2 3 10 10
4 5 10 10
10 15 10 10
0 1 11 11
2 3 11 11
4 6 11 11
7 9 11 11
10 11 11 11
8 9 12 12
11 13 12 12
14 15 12 12
2 3 13 13
4 6 13 13
7 10 13 13
11 12 13 13
0 2 14 14
3 8 14 14
5 6 14 14
7 8 14 14
10 11 14 14
13 14 14 14
0 14 15 15
