0 0 0 18
1 1 2 3
1 1 4 5
1 1 8 9
1 1 10 12
1 1 14 15
2 2 0 2
2 2 3 4 
2 2 5 8
2 2 9 10
2 2 11 13
2 2 14 18
3 3 4 7 
3 3 10 11
3 3 13 17
4 4 1 3
4 4 4 6 
4 4 7 8 
4 4 9 13
4 4 15 16
5 5 4 7 
5 5 8 9
5 5 10 11
5 5 13 14
5 5 16 17 
6 6 5 8 
6 6 9 10
6 6 11 16 
7 7 2 3 
7 7 4 6
7 7 11 13
7 7 14 17
8 8 0 2
8 8 7 9 
8 8 12 15
8 8 17 18
9 9 1 4
9 9 5 7
9 9 8 10
9 9 11 14
9 9 15 18
10 10 1 5
10 10 7 8 
10 10 14 17
11 11 0 1
11 11 2 3 
11 11 6 8
11 11 10 13
11 11 16 18
12 12 1 4 
12 12 5 7 
12 12 8 9
12 12 10 12
13 13 3 6 
13 13 7 8
13 13 9 10
13 13 12 13
14 14 2 7 
14 14 8 9 
14 14 10 12
14 14 13 15 
15 15 1 3 
15 15 4 8 
15 15 11 13
15 15 14 16
16 16 0 2
16 16 4 7 
16 16 9 12
16 16 15 17
17 17 3 6 
17 17 7 8 
17 17 9 10
17 17 12 14
17 17 16 17
18 18 0 18  

