0 18 0 0 
1 2 1 1
5 8 1 1
11 14 1 1 
17 18 1 1
2 3 1 1 
4 7 2 2
10 11 2 2 
13 15 2 2 
16 17 2 2
1 4 3 3
5 9 3 3
15 17 3 3
0 1 4 4
2 3 4 4
4 6 4 4
7 9 4 4
11 13 4 4
1 2 5 5
8 12 5 5
1 2 6 6
6 8 6 6
9 11 6 6
16 17 6 6
0 1 7 7
3 5 7 7 
7 9 7 7
12 14 7 7
17 18 7 7
1 3 8 8
5 7 8 8
9 10 8 8
12 13 8 8
14 17 8 8
2 5 9 9
6 8 9 9
9 12 9 9
13 14 9 9
15 16 9 9
1 2 10 10
5 6 10 10
7 9 10 10
10 13 10 10
14 16 10 10
17 18 10 10
2 3 11 11
5 6 11 11 
7 10 11 11
13 14 11 11
16 17 11 11
0 1 12 12
3 5 12 12
10 11 12 12
13 14 12 12 
1 3 13 13
6 7 13 13
9 10 13 13
11 13 13 13
14 17 13 13
1 2 14 14 
3 5 14 14
7 8 14 14
9 13 14 14
14 15 14 14
16 17 14 14
4 6 15 15
8 9 15 15
10 14 15 15
16 18 15 15
0 1 16 16
3 4 16 16
7 8 16 16
11 15 16 16
1 2 17 17
4 7 17 17
12 17 17 17
0 17 18 18 

  
